5 22
1 0 0 0 0 0.25 4
1 0 0 0 0 0 0
1 0 0 0 -2 1 0
1 0 0 0 0.5 0.75 0
1 0 0 0 0.7 0 0
1 0 0 0 -0.5 0.75 0
1 0 0 0 -0.7 0 0
1 0 0 0 0.375 -0.75 0
1 0 0 0 0 -1 0
1 0 0 0 -0.375 -0.75 0
1 0 0 0 0 -1 0
1 0 0 0 0 0.75 0
1 0 0 0 2 1 0
1 0 0 0 0.5 0.75 0
1 0 0 0 0.7 0 0
1 0 0 0 -0.5 0.75 0
1 0 0 0 -0.7 0 0
1 0 0 0 0.375 -0.75 0
1 0 0 0 0 -1 0
1 0 0 0 -0.375 -0.75 0
1 0 0 0 0 -1 0
1 0 0 0 0 0.75 0
0.81158 -0.579682 0.070684 -0.0176035 0.527217 3.83554 1.03593
1 0 0 0 0 0 0
1 0 0 0 -2 1 0
1 0 0 0 0.5 0.75 0
1 0 0 0 0.7 0 0
1 0 0 0 -0.5 0.75 0
1 0 0 0 -0.7 0 0
1 0 0 0 0.375 -0.75 0
1 0 0 0 0 -1 0
1 0 0 0 -0.375 -0.75 0
1 0 0 0 0 -1 0
1 0 0 0 0 0.75 0
1 0 0 0 2 1 0
1 0 0 0 0.5 0.75 0
1 0 0 0 0.7 0 0
1 0 0 0 -0.5 0.75 0
1 0 0 0 -0.7 0 0
1 0 0 0 0.375 -0.75 0
1 0 0 0 0 -1 0
1 0 0 0 -0.375 -0.75 0
1 0 0 0 0 -1 0
1 0 0 0 0 0.75 0
0.159446 -0.983716 0.0710169 -0.0428581 0.396355 0.995677 -3.86187
1 0 0 0 0 0 0
1 0 0 0 -2 1 0
1 0 0 0 0.5 0.75 0
1 0 0 0 0.7 0 0
1 0 0 0 -0.5 0.75 0
1 0 0 0 -0.7 0 0
1 0 0 0 0.375 -0.75 0
1 0 0 0 0 -1 0
1 0 0 0 -0.375 -0.75 0
1 0 0 0 0 -1 0
1 0 0 0 0 0.75 0
1 0 0 0 2 1 0
1 0 0 0 0.5 0.75 0
1 0 0 0 0.7 0 0
1 0 0 0 -0.5 0.75 0
1 0 0 0 -0.7 0 0
1 0 0 0 0.375 -0.75 0
1 0 0 0 0 -1 0
1 0 0 0 -0.375 -0.75 0
1 0 0 0 0 -1 0
1 0 0 0 0 0.75 0
-0.653744 -0.755611 0.040559 -0.0049618 -0.199074 -3.98891 -0.333861
1 0 0 0 0 0 0
1 0 0 0 -2 1 0
1 0 0 0 0.5 0.75 0
1 0 0 0 0.7 0 0
1 0 0 0 -0.5 0.75 0
1 0 0 0 -0.7 0 0
1 0 0 0 0.375 -0.75 0
1 0 0 0 0 -1 0
1 0 0 0 -0.375 -0.75 0
1 0 0 0 0 -1 0
1 0 0 0 0 0.75 0
1 0 0 0 2 1 0
1 0 0 0 0.5 0.75 0
1 0 0 0 0.7 0 0
1 0 0 0 -0.5 0.75 0
1 0 0 0 -0.7 0 0
1 0 0 0 0.375 -0.75 0
1 0 0 0 0 -1 0
1 0 0 0 -0.375 -0.75 0
1 0 0 0 0 -1 0
1 0 0 0 0 0.75 0
-0.989229 -0.11285 0.0642691 0.0675242 -0.539804 -0.617009 3.92306
1 0 0 0 0 0 0
1 0 0 0 -2 1 0
1 0 0 0 0.5 0.75 0
1 0 0 0 0.7 0 0
1 0 0 0 -0.5 0.75 0
1 0 0 0 -0.7 0 0
1 0 0 0 0.375 -0.75 0
1 0 0 0 0 -1 0
1 0 0 0 -0.375 -0.75 0
1 0 0 0 0 -1 0
1 0 0 0 0 0.75 0
1 0 0 0 2 1 0
1 0 0 0 0.5 0.75 0
1 0 0 0 0.7 0 0
1 0 0 0 -0.5 0.75 0
1 0 0 0 -0.7 0 0
1 0 0 0 0.375 -0.75 0
1 0 0 0 0 -1 0
1 0 0 0 -0.375 -0.75 0
1 0 0 0 0 -1 0
1 0 0 0 0 0.75 0
